1.604559
0.066505
0.065949
0.061266
0.055902
0.057233
0.067759
0.058439
0.062256
0.057093
0.061274
0.058865
0.062589
0.057880
0.060736
0.058136
0.058925
0.060637
0.059138
0.055392
0.057992
0.061217
0.057037
0.056121
0.055842
0.057190
0.057337
0.060344
0.058179
0.056727
0.056798
0.071566
0.057762
0.058553
0.055646
0.056198
0.057015
0.056633
0.057709
0.059370
0.060757
0.056004
0.056402
0.056580
0.056270
0.059575
0.055973
0.061548
0.055090
0.060136
0.056480
0.056975
0.057246
0.057541
0.055766
0.064920
0.059523
0.057362
0.059436
0.056252
0.057138
0.057609
0.057166
0.060331
0.058989
0.058547
0.058829
0.059087
0.055961
0.058904
0.057233
0.057683
0.058731
0.063107
0.057566
0.061225
0.055310
0.057448
0.059388
0.069295
0.058818
0.057315
0.061062
0.057010
0.058367
0.061833
0.070783
0.058384
0.055491
0.064424
0.056349
0.058100
0.057336
0.058712
0.060675
0.058145
0.061048
0.058448
0.056544
0.056400
