0.989207
0.197187
0.200134
0.197881
0.200082
0.193008
0.176736
0.193287
0.178019
0.196618
0.192347
0.178691
0.640721
0.176318
0.182132
0.178341
0.264485
0.196221
0.191673
0.179210
0.177373
0.197443
0.248845
0.179962
0.180717
0.177457
0.180591
0.179786
0.194663
0.177807
0.214081
0.198573
0.175900
0.176815
0.180125
0.181354
0.181680
0.199247
0.304166
0.175002
0.174960
0.177223
0.296670
0.241867
0.215055
0.181813
0.199288
0.183077
0.200728
0.223639
0.791386
0.201401
0.199512
0.198936
0.182175
0.180362
0.208053
0.212248
0.273834
0.217704
0.205955
0.183752
0.197670
0.186830
0.203778
0.190370
0.201668
0.199930
0.200692
0.184221
0.185795
0.188254
0.180900
0.195808
0.188615
0.188006
0.186023
0.192415
0.187349
0.181792
0.181388
0.182303
0.182881
0.185574
0.182411
0.182691
0.258427
0.194710
0.187961
0.190979
0.177563
0.193589
0.194591
0.178843
0.192005
0.179917
0.178514
0.187892
0.198679
0.190864
